000000 0000000000000000
000001 0000000000000000
000010 0000000000000000
000011 0000000000000000
000100 0000000000000001
000101 0000000000010000
000110 0000000100000000
000111 0001000000000000
001000 0000000000000010
001001 0000000000100000
001010 0000001000000000
001011 0010000000000000
001100 0000000000000011
001101 0000000000110000
001110 0000001100000000
001111 0011000000000000
010000 0000000000000100
010001 0000000001000000
010010 0000010000000000
010011 0100000000000000
010100 0000000000000101
010101 0000000001010000
010110 0000010100000000
010111 0101000000000000
011000 0000000000000110
011001 0000000001100000
011010 0000011000000000
011011 0110000000000000
011100 0000000000000111
011101 0000000001110000
011110 0000011100000000
011111 0111000000000000
100000 0000000000001000
100001 0000000010000000
100010 0000100000000000
100011 1000000000000000
100100 0000000000001001
100101 0000000010010000
100110 0000100100000000
100111 1001000000000000
101000 0000000000001010
101001 0000000010100000
101010 0000101000000000
101011 1010000000000000
101100 0000000000001011
101101 0000000010110000
101110 0000101100000000
101111 1011000000000000
110000 0000000000001100
110001 0000000011000000
110010 0000110000000000
110011 1100000000000000
110100 0000000000001101
110101 0000000011010000
110110 0000110100000000
110111 1101000000000000
111000 0000000000001110
111001 0000000011100000
111010 0000111000000000
111011 1110000000000000
111100 0000000000001111
111101 0000000011110000
111110 0000111100000000
111111 1111000000000000
